2020-01-01 00:45:00,1753-01-01 00:00:00,,0,8,0,0.00,.00,.00,0.00,0.00,Unknown,Blue Ribbon Taxi Association Inc.,41.90749193,-87.63576009,0,0,0ad36a7a3dec84d1c5ae762151a47aa175b4fb471165b04e39780a74962bceb6af3224a6c630d625824d2046bb8e671ba556e06c03019f1918cb2864672163ea,8,0,41.907491930,-87.635760090,.000000000,.000000000,,.00,.00,,,.000000000,323,72,16601,1629,1851,9037,-1071607778,0
2020-01-02 12:00:00,1753-01-01 00:00:00,,0,28,0,0.00,.00,.00,0.00,0.00,Unknown,Star North Management LLC,41.879255084,-87.642648998,0,0,63a8de5ca8306e11345f67fbc0e88dfc338e919275121790fb6a4a1e5985bc7a5aed6495b50b3506ca0729dff50dc353c6c26abb7e82ebaa68bc794a2cb92db6,28,0,41.879255084,-87.642648998,.000000000,.000000000,,.00,.00,,,.000000000,341,72,18085,1629,1979,9178,-1071607778,0
2020-01-02 17:15:00,1753-01-01 00:00:00,,0,28,0,0.00,.00,.00,0.00,0.00,Unknown,Taxicab Insurance Agency, LLC,41.874005383,-87.66351755,0,0,3671b00a8d3d78e49e75a0eb9796fbfa1ab2e07b89d7edbd09d6a614648be964da3b392cd8bf9200c4a56f992c0362c9f4f41fa328e6b3c4bda589bda7c90b0c,28,0,41.874005383,-87.663517550,.000000000,.000000000,,.00,.00,,,.000000000,346,72,17362,1629,1984,9199,-1071607778,0
2020-01-03 03:00:00,1753-01-01 00:00:00,,0,28,0,0.00,.00,.00,0.00,0.00,Unknown,Taxi Affiliation Services,41.874005383,-87.66351755,0,0,ba86f300c8a4fe9723caf80372e4e83ea68bab3dfd42fc2ee13d993fe0a05dd62af5da0bf93a26afec494de2f9fc550c87b6c80b7ff7f980a89db468f1e1680f,28,0,41.874005383,-87.663517550,.000000000,.000000000,,.00,.00,,,.000000000,345,72,19537,1629,1984,9238,-1071607778,0
2020-01-03 13:00:00,1753-01-01 00:00:00,,0,28,0,0.00,.00,.00,0.00,0.00,Unknown,Taxicab Insurance Agency, LLC,41.874005383,-87.66351755,0,0,1bff274ed006935422e0042a5b4ba149e8ea9d59666cd647324d89a22338e334de8dfe2724ee6ab986c8c6d5fcf3a277586d322b0b8aa9de771590730c4c168e,28,0,41.874005383,-87.663517550,.000000000,.000000000,,.00,.00,,,.000000000,346,72,16893,1629,1984,9278,-1071607778,0
2020-01-03 15:15:00,1753-01-01 00:00:00,,0,28,0,0.00,.00,.00,0.00,0.00,Unknown,Taxi Affiliation Services,41.867902418,-87.642958665,0,0,195a4d0fc8a42120eb8da00caf7ca6cd72d89d54f24794aad22306e8fade8f595c8c7cda0484df10188a63c7504a219e9bdfc1a10b33ee3e264519797a5faab9,28,0,41.867902418,-87.642958665,.000000000,.000000000,,.00,.00,,,.000000000,345,72,16833,1629,1976,9287,-1071607778,0
2020-01-03 16:00:00,1753-01-01 00:00:00,,0,21,0,0.00,.00,.00,0.00,0.00,Unknown,Taxi Affiliation Services,41.938666196,-87.711210593,0,0,64462077d1577c4a55e4c497d4a19e663e4c9d23b13b1071a427c3240707fc67447cb7b95e99105ce2ab0ddf541b05cbe1c7ff2bc28d0906c8a38aa71ed1b201,21,0,41.938666196,-87.711210593,.000000000,.000000000,,.00,.00,,,.000000000,345,72,18097,1629,1920,9290,-1071607778,0
2020-01-04 08:30:00,1753-01-01 00:00:00,,0,8,0,0.00,.00,.00,0.00,0.00,Unknown,Taxi Affiliation Services,41.899602111,-87.633308037,0,0,ca2e49fc5f32316d5c59cabe4993d8f7b27ee126bc505836ae638a3a60ddf28a06fd497610cc6647831d8104f0574bcd8cea05fa5a8bd124061bfee79df6c1f2,8,0,41.899602111,-87.633308037,.000000000,.000000000,,.00,.00,,,.000000000,345,72,19821,1629,1844,9356,-1071607778,0
2020-01-07 16:15:00,1753-01-01 00:00:00,,0,21,0,0.00,.00,.00,0.00,0.00,Unknown,Taxi Affiliation Services,41.938666196,-87.711210593,0,0,b2f2ae87db93e39d4aba0ed936feebafb651167351670cb5e27a5de6f17fc8dea9d7414343ceded8b24f46af22424ab7f1e47e9fa8f0cef29b5e38d75c10ae12,21,0,41.938666196,-87.711210593,.000000000,.000000000,,.00,.00,,,.000000000,345,72,19402,1629,1920,9675,-1071607778,0
2020-01-08 18:15:00,1753-01-01 00:00:00,,0,32,0,0.00,.00,.00,0.00,0.00,Unknown,Taxi Affiliation Services,41.880994471,-87.632746489,0,0,1ada1b0db4c89ff798c9c99c02166793001d4a68c2a97c930700a1e53560e7c72e216d5d00e00de48aa5cbe108432a4ef33d8cfa3ceda14dead712e0932a590b,32,0,41.880994471,-87.632746489,.000000000,.000000000,,.00,.00,,,.000000000,345,72,16875,1629,2001,9779,-1071607778,0
2020-01-08 20:30:00,1753-01-01 00:00:00,,0,28,0,0.00,.00,.00,0.00,0.00,Unknown,Taxi Affiliation Services,41.879255084,-87.642648998,0,0,1ada1b0db4c89ff798c9c99c02166793001d4a68c2a97c930700a1e53560e7c72e216d5d00e00de48aa5cbe108432a4ef33d8cfa3ceda14dead712e0932a590b,28,0,41.879255084,-87.642648998,.000000000,.000000000,,.00,.00,,,.000000000,345,72,16875,1629,1979,9788,-1071607778,0
2020-01-08 21:00:00,1753-01-01 00:00:00,,0,76,0,0.00,.00,.00,0.00,0.00,Unknown,Taxi Affiliation Services,41.97907082,-87.903039661,0,0,3a02f2544f0f22617df502d1af546a9292f20da505d4498eba78528d6cb3c40ffdc85e464b7a9a4ddca11db94e46e6340ce47d718730a0156c5a95d71b7b23a4,76,0,41.979070820,-87.903039661,.000000000,.000000000,,.00,.00,,,.000000000,345,72,17420,1629,2154,9790,-1071607778,0
2020-01-09 15:45:00,1753-01-01 00:00:00,,0,21,0,0.00,.00,.00,0.00,0.00,Unknown,Taxi Affiliation Services,41.938666196,-87.711210593,0,0,db082c26203779f867e87e701c3c8dfebe3611670decbb96153651587a91e255ea0ab461508c603c164d4a70a0fb92099744f959a2ca6c4d3c15c3e8ce871a28,21,0,41.938666196,-87.711210593,.000000000,.000000000,,.00,.00,,,.000000000,345,72,20118,1629,1920,9865,-1071607778,0
2020-01-09 16:45:00,1753-01-01 00:00:00,,0,21,0,0.00,.00,.00,0.00,0.00,Unknown,Taxi Affiliation Services,41.942859303,-87.717503858,0,0,a3d7cd41cc205cdd5887444d8d226f33bad7fd54857faa648d176ada0d805610edf1377ed0102d1f1c039b1edbb14aaa5530ff2613a097d7b163c43b0b0ef423,21,0,41.942859303,-87.717503858,.000000000,.000000000,,.00,.00,,,.000000000,345,72,19148,1629,1922,9869,-1071607778,0
2020-01-09 21:30:00,1753-01-01 00:00:00,,0,76,0,0.00,.00,.00,0.00,0.00,Unknown,Taxi Affiliation Services,41.97907082,-87.903039661,0,0,cb9492c5c6fd621dc2732b3bb6ade16360b9102b3e7ab8f75ebbcb3e6525cc60c199947d2e37000d7924c63390aad723b7375152b7ea09c56ab367451b8ada6c,76,0,41.979070820,-87.903039661,.000000000,.000000000,,.00,.00,,,.000000000,345,72,19843,1629,2154,9888,-1071607778,0
2020-01-10 11:00:00,1753-01-01 00:00:00,,0,28,0,0.00,.00,.00,0.00,0.00,Unknown,Taxicab Insurance Agency, LLC,41.879255084,-87.642648998,0,0,e67435947a69850f5a0c07e3cc52ce2e17e2e792caf483c34871b115c025380ab8b77ea61c2f0e31919a33235f8d8400eadcd2ed14d3e6fdac34795ac521e75b,28,0,41.879255084,-87.642648998,.000000000,.000000000,,.00,.00,,,.000000000,346,72,20312,1629,1979,9942,-1071607778,0
2020-01-10 12:15:00,1753-01-01 00:00:00,,0,28,0,0.00,.00,.00,0.00,0.00,Unknown,Star North Management LLC,41.879255084,-87.642648998,0,0,63a8de5ca8306e11345f67fbc0e88dfc338e919275121790fb6a4a1e5985bc7a5aed6495b50b3506ca0729dff50dc353c6c26abb7e82ebaa68bc794a2cb92db6,28,0,41.879255084,-87.642648998,.000000000,.000000000,,.00,.00,,,.000000000,341,72,18085,1629,1979,9947,-1071607778,0
2020-01-10 12:30:00,1753-01-01 00:00:00,,0,21,0,0.00,.00,.00,0.00,0.00,Unknown,Taxi Affiliation Services,41.938666196,-87.711210593,0,0,3c8a3a5b0785d40229dd7adc5fd0d9620defca885601bf7909fe82bb3878e287a9668c49844612ad22b25b32ec168af202d109189d8e422bf93924f1cdbdc6dd,21,0,41.938666196,-87.711210593,.000000000,.000000000,,.00,.00,,,.000000000,345,72,17454,1629,1920,9948,-1071607778,0
2020-01-10 21:30:00,1753-01-01 00:00:00,,0,36,0,0.00,.00,.00,0.00,0.00,Unknown,Taxi Affiliation Services,41.82371281,-87.602350437,0,0,1ada1b0db4c89ff798c9c99c02166793001d4a68c2a97c930700a1e53560e7c72e216d5d00e00de48aa5cbe108432a4ef33d8cfa3ceda14dead712e0932a590b,36,0,41.823712810,-87.602350437,.000000000,.000000000,,.00,.00,,,.000000000,345,72,16875,1629,2021,9984,-1071607778,0
2020-01-10 23:00:00,1753-01-01 00:00:00,,0,16,0,0.00,.00,.00,0.00,0.00,Unknown,Taxi Affiliation Services,41.953582125,-87.72345239,0,0,1ada1b0db4c89ff798c9c99c02166793001d4a68c2a97c930700a1e53560e7c72e216d5d00e00de48aa5cbe108432a4ef33d8cfa3ceda14dead712e0932a590b,16,0,41.953582125,-87.723452390,.000000000,.000000000,,.00,.00,,,.000000000,345,72,16875,1629,1899,9990,-1071607778,0
2020-01-11 16:30:00,1753-01-01 00:00:00,,0,1,0,0.00,.00,.00,0.00,0.00,Unknown,Taxi Affiliation Services,42.009622881,-87.670166857,0,0,1ada1b0db4c89ff798c9c99c02166793001d4a68c2a97c930700a1e53560e7c72e216d5d00e00de48aa5cbe108432a4ef33d8cfa3ceda14dead712e0932a590b,1,0,42.009622881,-87.670166857,.000000000,.000000000,,.00,.00,,,.000000000,345,72,16875,1629,1727,10060,-1071607778,0
2020-01-11 17:15:00,1753-01-01 00:00:00,,0,8,0,0.00,.00,.00,0.00,0.00,Unknown,Taxi Affiliation Services,41.898331794,-87.620762865,0,0,b2f2ae87db93e39d4aba0ed936feebafb651167351670cb5e27a5de6f17fc8dea9d7414343ceded8b24f46af22424ab7f1e47e9fa8f0cef29b5e38d75c10ae12,8,0,41.898331794,-87.620762865,.000000000,.000000000,,.00,.00,,,.000000000,345,72,19402,1629,1849,10063,-1071607778,0
2020-01-12 20:00:00,1753-01-01 00:00:00,,0,28,0,0.00,.00,.00,0.00,0.00,Unknown,Taxi Affiliation Services,41.879255084,-87.642648998,0,0,1ada1b0db4c89ff798c9c99c02166793001d4a68c2a97c930700a1e53560e7c72e216d5d00e00de48aa5cbe108432a4ef33d8cfa3ceda14dead712e0932a590b,28,0,41.879255084,-87.642648998,.000000000,.000000000,,.00,.00,,,.000000000,345,72,16875,1629,1979,10170,-1071607778,0
2020-01-12 22:45:00,1753-01-01 00:00:00,,0,28,0,0.00,.00,.00,0.00,0.00,Unknown,Taxi Affiliation Services,41.879255084,-87.642648998,0,0,1ada1b0db4c89ff798c9c99c02166793001d4a68c2a97c930700a1e53560e7c72e216d5d00e00de48aa5cbe108432a4ef33d8cfa3ceda14dead712e0932a590b,28,0,41.879255084,-87.642648998,.000000000,.000000000,,.00,.00,,,.000000000,345,72,16875,1629,1979,10181,-1071607778,0
2020-01-13 17:00:00,1753-01-01 00:00:00,,0,21,0,0.00,.00,.00,0.00,0.00,Unknown,Taxi Affiliation Services,41.938666196,-87.711210593,0,0,cea53c687c3dd5ab8ad7483cc0003e4ea755d879919588a973bea3f9ad755ea7c79877be0e4c1f7d44635f9ad747fc69f30f4b0f4a03398fb80902cf9cfd8d2f,21,0,41.938666196,-87.711210593,.000000000,.000000000,,.00,.00,,,.000000000,345,72,19894,1629,1920,10254,-1071607778,0
2020-01-14 07:45:00,1753-01-01 00:00:00,,0,32,0,0.00,.00,.00,0.00,0.00,Unknown,Taxi Affiliation Services,41.877406123,-87.621971652,0,0,cb9492c5c6fd621dc2732b3bb6ade16360b9102b3e7ab8f75ebbcb3e6525cc60c199947d2e37000d7924c63390aad723b7375152b7ea09c56ab367451b8ada6c,32,0,41.877406123,-87.621971652,.000000000,.000000000,,.00,.00,,,.000000000,345,72,19843,1629,2000,10313,-1071607778,0
2020-01-14 10:45:00,1753-01-01 00:00:00,,0,21,0,0.00,.00,.00,0.00,0.00,Unknown,Taxi Affiliation Services,41.938666196,-87.711210593,0,0,4b0be6b79d41fe7dd5d6951ad555da4d4964ea46762ed5801d205f573ba487cf17db500488ae3a698883784360ecb28828e64aa803027525e7762f008f75a60c,21,0,41.938666196,-87.711210593,.000000000,.000000000,,.00,.00,,,.000000000,345,72,17709,1629,1920,10325,-1071607778,0
2020-01-14 15:30:00,1753-01-01 00:00:00,,0,28,0,0.00,.00,.00,0.00,0.00,Unknown,Blue Ribbon Taxi Association Inc.,41.87866742,-87.671653621,0,0,fe3cfaf754adf66c7f45328e9ce06371852b3d9a3f5795f7cbb23c12ed3616f7915f4d777a719d41dd11fb27c205f5f5c5fa919e3e4a86fdcb245e8a8ebf692c,28,0,41.878667420,-87.671653621,.000000000,.000000000,,.00,.00,,,.000000000,323,72,20759,1629,1980,10344,-1071607778,0
2020-01-14 23:45:00,1753-01-01 00:00:00,,0,1,0,0.00,.00,.00,0.00,0.00,Unknown,Blue Ribbon Taxi Association Inc.,42.009622881,-87.670166857,0,0,2cf500aa0ed71e6681b5db1b594e13755e492499befaf9499def2b216b960557462d34e8d474d0fc84fac36252995739219e39f5a7b8c664311934a8931e30fb,1,0,42.009622881,-87.670166857,.000000000,.000000000,,.00,.00,,,.000000000,323,72,17183,1629,1727,10377,-1071607778,0
2020-01-15 11:30:00,1753-01-01 00:00:00,,0,28,0,0.00,.00,.00,0.00,0.00,Unknown,Star North Management LLC,41.879255084,-87.642648998,0,0,63a8de5ca8306e11345f67fbc0e88dfc338e919275121790fb6a4a1e5985bc7a5aed6495b50b3506ca0729dff50dc353c6c26abb7e82ebaa68bc794a2cb92db6,28,0,41.879255084,-87.642648998,.000000000,.000000000,,.00,.00,,,.000000000,341,72,18085,1629,1979,10424,-1071607778,0
2020-01-15 13:30:00,1753-01-01 00:00:00,,0,28,0,0.00,.00,.00,0.00,0.00,Unknown,Taxicab Insurance Agency, LLC,41.874005383,-87.66351755,0,0,ef6286c290128e79ea90a363f6cddb5fd00966edeaab7fe99983d52554826f8ae780cbc3061f5c6619a6cf9d1e56db3583db60722483efa622ae97328c838b9d,28,0,41.874005383,-87.663517550,.000000000,.000000000,,.00,.00,,,.000000000,346,72,20477,1629,1984,10432,-1071607778,0
2020-01-15 13:45:00,1753-01-01 00:00:00,,0,16,0,0.00,.00,.00,0.00,0.00,Unknown,Star North Management LLC,41.953582125,-87.72345239,0,0,051db8af96f62880bd5b9970fe0cdb3c0ef257675696bd77e4b98012db4ed400dc92697a1b2e8d82d5ea3822d0c4db28ec4b0692e4063eadbef70d6588231dfa,16,0,41.953582125,-87.723452390,.000000000,.000000000,,.00,.00,,,.000000000,341,72,16517,1629,1899,10433,-1071607778,0
2020-01-15 15:15:00,1753-01-01 00:00:00,,0,12,0,0.00,.00,.00,0.00,0.00,Unknown,312 Medallion Management Corp,41.993930128,-87.758353588,0,0,fa265b3601a73684f856bfe63e0b787d9101c3a292b49c39a97d0667305f8565c1d29df52d208a5beef071b74abc0fd13042840ed50e9bdd66e83575194feb35,12,0,41.993930128,-87.758353588,.000000000,.000000000,,.00,.00,,,.000000000,305,72,20688,1629,1873,10439,-1071607778,0
2020-01-16 18:30:00,1753-01-01 00:00:00,,0,8,0,0.00,.00,.00,0.00,0.00,Unknown,Top Cab Affiliation,41.89321636,-87.63784421,0,0,83e107c34986e0dc90555d0497d5fd3a82d765cc654c1afb1dcf5875120d4b588cfffcc9086aa7963093c306e3c73d32f4f0b1d0283edea44fd97faab7ed2029,8,0,41.893216360,-87.637844210,.000000000,.000000000,,.00,.00,,,.000000000,347,72,18608,1629,1838,10548,-1071607778,0
2020-01-17 10:15:00,1753-01-01 00:00:00,,0,76,0,0.00,.00,.00,0.00,0.00,Unknown,Taxi Affiliation Services,41.97907082,-87.903039661,0,0,8a2802b8001fa243450b71eb66e6e76b4bdc4ea50cbb19aaab594d4027510119da4e93593a73a3208cd89b96e980f9e670c20e460cdc335df56c14e51eb4abe4,76,0,41.979070820,-87.903039661,.000000000,.000000000,,.00,.00,,,.000000000,345,72,18716,1629,2154,10611,-1071607778,0
2020-01-17 10:45:00,1753-01-01 00:00:00,,0,8,0,0.00,.00,.00,0.00,0.00,Unknown,Taxi Affiliation Services,41.890922026,-87.618868355,0,0,a7b2c3dec3882391e3c9d80d5215c13f90692b515eb552171df2a7b063b956348170d6797ac5ef0a79b55fa49218f9cd4d425e0f7004b03c8bcf4179ad445131,8,0,41.890922026,-87.618868355,.000000000,.000000000,,.00,.00,,,.000000000,345,72,19221,1629,1840,10613,-1071607778,0
2020-01-21 19:30:00,1753-01-01 00:00:00,,0,32,0,0.00,.00,.00,0.00,0.00,Unknown,Taxi Affiliation Services,41.880994471,-87.632746489,0,0,126cbac0487058d6a98a9ecde66eb5de9d3041171cc58788d4b6123e55f7bebded4d8883c0c1814eef9952a13e871601b6dbeb11e05c3683d76c9d1390e0a538,32,0,41.880994471,-87.632746489,.000000000,.000000000,,.00,.00,,,.000000000,345,72,16717,1629,2001,11032,-1071607778,0
2020-01-22 08:45:00,1753-01-01 00:00:00,,0,28,0,0.00,.00,.00,0.00,0.00,Unknown,Taxi Affiliation Services,41.879255084,-87.642648998,0,0,38c926561cf2221a4785159e39aef376ef08ddb3c6081c4f3e7ab1263bb617d1d64c4dd73b1849f6142717c62eef2b4878937275a462df9028c63f581a03a4a4,28,0,41.879255084,-87.642648998,.000000000,.000000000,,.00,.00,,,.000000000,345,72,17394,1629,1979,11085,-1071607778,0
2020-01-24 18:15:00,1753-01-01 00:00:00,,0,8,0,0.00,.00,.00,0.00,0.00,Unknown,312 Medallion Management Corp,41.892507781,-87.626214906,0,0,fa265b3601a73684f856bfe63e0b787d9101c3a292b49c39a97d0667305f8565c1d29df52d208a5beef071b74abc0fd13042840ed50e9bdd66e83575194feb35,8,0,41.892507781,-87.626214906,.000000000,.000000000,,.00,.00,,,.000000000,305,72,20688,1629,1847,11315,-1071607778,0
2020-01-28 13:15:00,1753-01-01 00:00:00,,0,21,0,0.00,.00,.00,0.00,0.00,Unknown,Taxi Affiliation Services,41.938666196,-87.711210593,0,0,d404479bf8b43d677600cd9059c4917dd8fc10b51262a13215d854326b4aaccb25352deb32e235a92c5b916aa76a5d72e22e77470a0e02e3ba623a10647bd9c7,21,0,41.938666196,-87.711210593,.000000000,.000000000,,.00,.00,,,.000000000,345,72,19971,1629,1920,11679,-1071607778,0
2020-01-28 15:45:00,1753-01-01 00:00:00,,0,21,0,0.00,.00,.00,0.00,0.00,Unknown,Taxi Affiliation Services,41.942859303,-87.717503858,0,0,ea7bd9f0e56d3a905d808f728cd0630e1c11d4f85a3d42978da8b75a04ffa736dba35c87bb8c096e6fef6ec900ead8e741f01e6f47c7e2a14b970765580a8aa3,21,0,41.942859303,-87.717503858,.000000000,.000000000,,.00,.00,,,.000000000,345,72,20389,1629,1922,11689,-1071607778,0
2020-02-03 16:45:00,1753-01-01 00:00:00,,0,21,0,0.00,.00,.00,0.00,0.00,Unknown,Taxi Affiliation Services,41.938666196,-87.711210593,0,0,8ff96b8befe47605908893fbb12cc9a4845f2b6f9bfc38b2f1de66f2594c79753177b1f61bbb38daafd93a0e1f5d31ff577c0d83886583730c9dc514ecac9eb2,21,0,41.938666196,-87.711210593,.000000000,.000000000,,.00,.00,,,.000000000,345,72,18826,1629,1920,12269,-1071607778,0
2020-02-03 19:45:00,1753-01-01 00:00:00,,0,32,0,0.00,.00,.00,0.00,0.00,Unknown,Taxicab Insurance Agency, LLC,41.877406123,-87.621971652,0,0,f6138aa35e1fb074eb79fbe29f512b6153dca3593d8cd2405a000c6f4d5c1442f37650ea887177dbc3a5e3d91bdb43464f22a748a305285351fccc9d5dcc03ed,32,0,41.877406123,-87.621971652,.000000000,.000000000,,.00,.00,,,.000000000,346,72,20597,1629,2000,12281,-1071607778,0
2020-02-04 09:00:00,1753-01-01 00:00:00,,0,17,0,0.00,.00,.00,0.00,0.00,Unknown,Taxicab Insurance Agency, LLC,41.94651142,-87.806020002,0,0,7abf21809bb043cd98a7da5af365dd60088d19d08076f0e8eb76076ca071fb1965572cae625aa743839c7a58bab11481e93ca43a6bf004b5b901a6b77f3e5af1,17,0,41.946511420,-87.806020002,.000000000,.000000000,,.00,.00,,,.000000000,346,72,18459,1629,1912,12334,-1071607778,0
2020-02-04 11:00:00,1753-01-01 00:00:00,,0,28,0,0.00,.00,.00,0.00,0.00,Unknown,Taxicab Insurance Agency, LLC,41.884767784,-87.684147449,0,0,7abf21809bb043cd98a7da5af365dd60088d19d08076f0e8eb76076ca071fb1965572cae625aa743839c7a58bab11481e93ca43a6bf004b5b901a6b77f3e5af1,28,0,41.884767784,-87.684147449,.000000000,.000000000,,.00,.00,,,.000000000,346,72,18459,1629,1983,12342,-1071607778,0
2020-02-04 19:00:00,1753-01-01 00:00:00,,0,28,0,0.00,.00,.00,0.00,0.00,Unknown,Taxicab Insurance Agency, LLC,41.879255084,-87.642648998,0,0,f6138aa35e1fb074eb79fbe29f512b6153dca3593d8cd2405a000c6f4d5c1442f37650ea887177dbc3a5e3d91bdb43464f22a748a305285351fccc9d5dcc03ed,28,0,41.879255084,-87.642648998,.000000000,.000000000,,.00,.00,,,.000000000,346,72,20597,1629,1979,12374,-1071607778,0
2020-02-05 15:15:00,1753-01-01 00:00:00,,0,28,0,0.00,.00,.00,0.00,0.00,Unknown,Taxicab Insurance Agency, LLC,41.885300022,-87.642808466,0,0,bca79085da78d157007711d04c6e06f655ee5eafb1e5b654033c2f34fcea1d1fd230b48cff6ab67c598d1baa406d0689fd207404711267f2d56fdd93e3a0e6ec,28,0,41.885300022,-87.642808466,.000000000,.000000000,,.00,.00,,,.000000000,346,72,19584,1629,1989,12455,-1071607778,0
2020-02-05 19:30:00,1753-01-01 00:00:00,,0,24,0,0.00,.00,.00,0.00,0.00,Unknown,Taxicab Insurance Agency, LLC,41.901206994,-87.676355989,0,0,f6138aa35e1fb074eb79fbe29f512b6153dca3593d8cd2405a000c6f4d5c1442f37650ea887177dbc3a5e3d91bdb43464f22a748a305285351fccc9d5dcc03ed,24,0,41.901206994,-87.676355989,.000000000,.000000000,,.00,.00,,,.000000000,346,72,20597,1629,1952,12472,-1071607778,0
2020-02-06 17:30:00,1753-01-01 00:00:00,,0,34,0,0.00,.00,.00,0.00,0.00,Unknown,Taxicab Insurance Agency, LLC,41.842076117,-87.633973422,0,0,f6138aa35e1fb074eb79fbe29f512b6153dca3593d8cd2405a000c6f4d5c1442f37650ea887177dbc3a5e3d91bdb43464f22a748a305285351fccc9d5dcc03ed,34,0,41.842076117,-87.633973422,.000000000,.000000000,,.00,.00,,,.000000000,346,72,20597,1629,2011,12560,-1071607778,0
2020-02-06 19:00:00,1753-01-01 00:00:00,,0,32,0,0.00,.00,.00,0.00,0.00,Unknown,Blue Ribbon Taxi Association Inc.,41.880994471,-87.632746489,0,0,fe3cfaf754adf66c7f45328e9ce06371852b3d9a3f5795f7cbb23c12ed3616f7915f4d777a719d41dd11fb27c205f5f5c5fa919e3e4a86fdcb245e8a8ebf692c,32,0,41.880994471,-87.632746489,.000000000,.000000000,,.00,.00,,,.000000000,323,72,20759,1629,2001,12566,-1071607778,0
2020-02-07 15:45:00,1753-01-01 00:00:00,,0,32,0,0.00,.00,.00,0.00,0.00,Unknown,Top Cab Affiliation,41.884987192,-87.620992913,0,0,7e8a64e5d20bff161671d9f9f6f1b4a195e3914672170abc255c54267d1056b196bc93ffd51a763d5772ebe4a000a0f56d1e76e9d60f7db72836f8894f763168,32,0,41.884987192,-87.620992913,.000000000,.000000000,,.00,.00,,,.000000000,347,72,18516,1629,2002,12649,-1071607778,0
2020-02-07 20:30:00,1753-01-01 00:00:00,,0,24,0,0.00,.00,.00,0.00,0.00,Unknown,Taxicab Insurance Agency, LLC,41.901206994,-87.676355989,0,0,f6138aa35e1fb074eb79fbe29f512b6153dca3593d8cd2405a000c6f4d5c1442f37650ea887177dbc3a5e3d91bdb43464f22a748a305285351fccc9d5dcc03ed,24,0,41.901206994,-87.676355989,.000000000,.000000000,,.00,.00,,,.000000000,346,72,20597,1629,1952,12668,-1071607778,0
2020-02-08 19:45:00,1753-01-01 00:00:00,,0,28,0,0.00,.00,.00,0.00,0.00,Unknown,Taxicab Insurance Agency, LLC,41.885300022,-87.642808466,0,0,f6138aa35e1fb074eb79fbe29f512b6153dca3593d8cd2405a000c6f4d5c1442f37650ea887177dbc3a5e3d91bdb43464f22a748a305285351fccc9d5dcc03ed,28,0,41.885300022,-87.642808466,.000000000,.000000000,,.00,.00,,,.000000000,346,72,20597,1629,1989,12761,-1071607778,0
2020-02-09 14:45:00,1753-01-01 00:00:00,,0,28,0,0.00,.00,.00,0.00,0.00,Unknown,Top Cab Affiliation,41.885300022,-87.642808466,0,0,7e8a64e5d20bff161671d9f9f6f1b4a195e3914672170abc255c54267d1056b196bc93ffd51a763d5772ebe4a000a0f56d1e76e9d60f7db72836f8894f763168,28,0,41.885300022,-87.642808466,.000000000,.000000000,,.00,.00,,,.000000000,347,72,18516,1629,1989,12837,-1071607778,0
2020-02-10 18:00:00,1753-01-01 00:00:00,,0,28,0,0.00,.00,.00,0.00,0.00,Unknown,Taxicab Insurance Agency, LLC,41.874005383,-87.66351755,0,0,f6138aa35e1fb074eb79fbe29f512b6153dca3593d8cd2405a000c6f4d5c1442f37650ea887177dbc3a5e3d91bdb43464f22a748a305285351fccc9d5dcc03ed,28,0,41.874005383,-87.663517550,.000000000,.000000000,,.00,.00,,,.000000000,346,72,20597,1629,1984,12946,-1071607778,0
2020-02-11 10:00:00,1753-01-01 00:00:00,,0,28,0,0.00,.00,.00,0.00,0.00,Unknown,Blue Ribbon Taxi Association Inc.,41.874005383,-87.66351755,0,0,2562c5abd0c79356d2b6ed696ff9c61f3c6a7452176e067079eeb9ab4869816e5cc637b2464ae3846a2522762c036f3adf77216a829bbed5fbc5bd7da2dda337,28,0,41.874005383,-87.663517550,.000000000,.000000000,,.00,.00,,,.000000000,323,72,17056,1629,1984,13010,-1071607778,0
2020-02-12 10:30:00,1753-01-01 00:00:00,,0,32,0,0.00,.00,.00,0.00,0.00,Unknown,Taxi Affiliation Services,41.870607372,-87.622172937,0,0,0f5a723087247cdc9717145c6b4ed96bf478dd4c2399f70b7360b70810def6288330e2924e3e0429cf17f8984f11bf3d27fc71eba8ce3bc919adb3ab7be5aeb5,32,0,41.870607372,-87.622172937,.000000000,.000000000,,.00,.00,,,.000000000,345,72,16668,1629,2005,13108,-1071607778,0
2020-02-13 10:45:00,1753-01-01 00:00:00,,0,8,0,0.00,.00,.00,0.00,0.00,Unknown,Top Cab Affiliation,41.907520075,-87.6266589,0,0,7e8a64e5d20bff161671d9f9f6f1b4a195e3914672170abc255c54267d1056b196bc93ffd51a763d5772ebe4a000a0f56d1e76e9d60f7db72836f8894f763168,8,0,41.907520075,-87.626658900,.000000000,.000000000,,.00,.00,,,.000000000,347,72,18516,1629,1848,13205,-1071607778,0
2020-02-14 16:00:00,1753-01-01 00:00:00,,0,32,0,0.00,.00,.00,0.00,0.00,Unknown,Star North Management LLC,41.880994471,-87.632746489,0,0,b6e1564688f25de490b654b29016fc0ee430bfb907f4ad05a79c761006834c59c370f1d9ef4552171d9e3d4b0b6b6260a95220b29f4afd997a0eb12083758401,32,0,41.880994471,-87.632746489,.000000000,.000000000,,.00,.00,,,.000000000,341,72,19468,1629,2001,13322,-1071607778,0
2020-02-14 17:15:00,1753-01-01 00:00:00,,0,8,0,0.00,.00,.00,0.00,0.00,Unknown,Star North Management LLC,41.89321636,-87.63784421,0,0,b6e1564688f25de490b654b29016fc0ee430bfb907f4ad05a79c761006834c59c370f1d9ef4552171d9e3d4b0b6b6260a95220b29f4afd997a0eb12083758401,8,0,41.893216360,-87.637844210,.000000000,.000000000,,.00,.00,,,.000000000,341,72,19468,1629,1838,13327,-1071607778,0
2020-02-14 17:30:00,1753-01-01 00:00:00,,0,24,0,0.00,.00,.00,0.00,0.00,Unknown,Star North Management LLC,41.89830587,-87.653613982,0,0,b6e1564688f25de490b654b29016fc0ee430bfb907f4ad05a79c761006834c59c370f1d9ef4552171d9e3d4b0b6b6260a95220b29f4afd997a0eb12083758401,24,0,41.898305870,-87.653613982,.000000000,.000000000,,.00,.00,,,.000000000,341,72,19468,1629,1957,13328,-1071607778,0
2020-02-17 17:00:00,1753-01-01 00:00:00,,0,35,0,0.00,.00,.00,0.00,0.00,Unknown,Taxi Affiliation Services,41.835117986,-87.618677767,0,0,60eb802967e1beda643d7cbfc577b6dcf0fff86a5ab66cd0218a529bd8dbebea731887c4574a6291b9c7179cf87cc1ac60f1d133ae5458e41662812d2d9e94cf,35,0,41.835117986,-87.618677767,.000000000,.000000000,,.00,.00,,,.000000000,345,72,18046,1629,2019,13614,-1071607778,0
2020-02-17 17:30:00,1753-01-01 00:00:00,,0,8,0,0.00,.00,.00,0.00,0.00,Unknown,Taxicab Insurance Agency, LLC,41.899155613,-87.626210532,0,0,2af809976861026ecab68d8c3460ddb75c53d7b40cd030528ad38546bee9391cacb7d841e7c114c872c5ffa37940f53697ac69dc71743a6900493ba86cc7e822,8,0,41.899155613,-87.626210532,.000000000,.000000000,,.00,.00,,,.000000000,346,72,17150,1629,1846,13616,-1071607778,0
2020-02-20 13:30:00,1753-01-01 00:00:00,,0,16,0,0.00,.00,.00,0.00,0.00,Unknown,Taxi Affiliation Services,41.953582125,-87.72345239,0,0,39f11f85b02552bb3a2181ea5a3465534d0993a5b7c2b3bcfa3b43cbd0e7723f967f44fbd6cda6080d0a0bf6eba0ca455f5a17e0be1bf1794b9ac48dcd5c6e77,16,0,41.953582125,-87.723452390,.000000000,.000000000,,.00,.00,,,.000000000,345,72,17417,1629,1899,13888,-1071607778,0
2020-02-20 18:30:00,1753-01-01 00:00:00,,0,28,0,0.00,.00,.00,0.00,0.00,Unknown,Taxi Affiliation Services,41.879255084,-87.642648998,0,0,6fcbe0f3aba7b8bb4f6a16942b3127f338608c0edff16e329649360a000aea041de88970a89bcb169274168adeca9f388da01a991cf790767d6db4c30eb1d7d5,28,0,41.879255084,-87.642648998,.000000000,.000000000,,.00,.00,,,.000000000,345,72,18290,1629,1979,13908,-1071607778,0
2020-02-21 12:15:00,1753-01-01 00:00:00,,0,2,0,0.00,.00,.00,0.00,0.00,Unknown,Top Cab Affiliation,41.986895043,-87.703668273,0,0,4d9cdfc71c7e6aa92963e1b219abb843a3b0b43548412c63b0ec87bd00094dd6a1ff177788435ede86bc583d91915bf7dc3cabd1af1a946ab71447ee02493354,2,0,41.986895043,-87.703668273,.000000000,.000000000,,.00,.00,,,.000000000,347,72,17746,1629,1741,13979,-1071607778,0
2020-02-21 23:00:00,1753-01-01 00:00:00,,0,28,0,0.00,.00,.00,0.00,0.00,Unknown,Blue Ribbon Taxi Association Inc.,41.885300022,-87.642808466,0,0,fe3cfaf754adf66c7f45328e9ce06371852b3d9a3f5795f7cbb23c12ed3616f7915f4d777a719d41dd11fb27c205f5f5c5fa919e3e4a86fdcb245e8a8ebf692c,28,0,41.885300022,-87.642808466,.000000000,.000000000,,.00,.00,,,.000000000,323,72,20759,1629,1989,14022,-1071607778,0
2020-02-22 04:00:00,1753-01-01 00:00:00,,0,8,0,0.00,.00,.00,0.00,0.00,Unknown,Taxi Affiliation Services,41.90749193,-87.63576009,0,0,39f11f85b02552bb3a2181ea5a3465534d0993a5b7c2b3bcfa3b43cbd0e7723f967f44fbd6cda6080d0a0bf6eba0ca455f5a17e0be1bf1794b9ac48dcd5c6e77,8,0,41.907491930,-87.635760090,.000000000,.000000000,,.00,.00,,,.000000000,345,72,17417,1629,1851,14042,-1071607778,0
2020-02-23 12:30:00,1753-01-01 00:00:00,,0,7,0,0.00,.00,.00,0.00,0.00,Unknown,312 Medallion Management Corp,41.914616286,-87.631717366,0,0,37da7d7608ce5cabc79e71369ed7f4a34f350b462ba406969c13c88fecc665dd61cf66deacad90f9f300db97c976fb78e29ac7017c1b57ff2e47838d097e8013,7,0,41.914616286,-87.631717366,.000000000,.000000000,,.00,.00,,,.000000000,305,72,17377,1629,1822,14172,-1071607778,0
2020-02-23 14:30:00,1753-01-01 00:00:00,,0,4,0,0.00,.00,.00,0.00,0.00,Unknown,312 Medallion Management Corp,41.975170943,-87.687515515,0,0,37da7d7608ce5cabc79e71369ed7f4a34f350b462ba406969c13c88fecc665dd61cf66deacad90f9f300db97c976fb78e29ac7017c1b57ff2e47838d097e8013,4,0,41.975170943,-87.687515515,.000000000,.000000000,,.00,.00,,,.000000000,305,72,17377,1629,1774,14180,-1071607778,0
2020-02-24 15:45:00,1753-01-01 00:00:00,,0,8,0,0.00,.00,.00,0.00,0.00,Unknown,Taxicab Insurance Agency, LLC,41.892042136,-87.63186395,0,0,312a81d2e122cf94378492abd78371da19017e26f1bb7d055b40a793ccbfe33403966541e31878ff56fa999552708259a9a9c0dd4a15abe7e2f67827482b37f8,8,0,41.892042136,-87.631863950,.000000000,.000000000,,.00,.00,,,.000000000,346,72,17256,1629,1856,14281,-1071607778,0
2020-02-24 21:00:00,1753-01-01 00:00:00,,0,33,0,0.00,.00,.00,0.00,0.00,Unknown,Taxi Affiliation Services,41.859349715,-87.617358006,0,0,ea4daf4e61f0f63ebcab3cf3a5e6400c14f65b95b191b26a179aff51bdbf6bc692ec775a6ce1509e71434c6add26df7052ba53676268dd9ae34c58580120f430,33,0,41.859349715,-87.617358006,.000000000,.000000000,,.00,.00,,,.000000000,345,72,20385,1629,2007,14302,-1071607778,0
2020-02-25 14:15:00,1753-01-01 00:00:00,,0,56,0,0.00,.00,.00,0.00,0.00,Unknown,Blue Ribbon Taxi Association Inc.,41.79259236,-87.769615453,0,0,2562c5abd0c79356d2b6ed696ff9c61f3c6a7452176e067079eeb9ab4869816e5cc637b2464ae3846a2522762c036f3adf77216a829bbed5fbc5bd7da2dda337,56,0,41.792592360,-87.769615453,.000000000,.000000000,,.00,.00,,,.000000000,323,72,17056,1629,2100,14371,-1071607778,0
2020-02-25 15:30:00,1753-01-01 00:00:00,,0,21,0,0.00,.00,.00,0.00,0.00,Unknown,Taxi Affiliation Services,41.942859303,-87.717503858,0,0,ea4daf4e61f0f63ebcab3cf3a5e6400c14f65b95b191b26a179aff51bdbf6bc692ec775a6ce1509e71434c6add26df7052ba53676268dd9ae34c58580120f430,21,0,41.942859303,-87.717503858,.000000000,.000000000,,.00,.00,,,.000000000,345,72,20385,1629,1922,14376,-1071607778,0
2020-02-26 08:45:00,1753-01-01 00:00:00,,0,76,0,0.00,.00,.00,0.00,0.00,Unknown,Taxi Affiliation Services,41.97907082,-87.903039661,0,0,d9c1a29d847d2bc82ce5b2b45dcf03d2b0d72570afb8bd28a86aedcf38df2f6a3e0a72a334012817046c6daa139c74d71d6e6a3e5ab208eacb4c3f32ed475549,76,0,41.979070820,-87.903039661,.000000000,.000000000,,.00,.00,,,.000000000,345,72,20086,1629,2154,14445,-1071607778,0
2020-02-26 17:45:00,1753-01-01 00:00:00,,0,32,0,0.00,.00,.00,0.00,0.00,Unknown,Top Cab Affiliation,41.884987192,-87.620992913,0,0,87a017eedd299c9b5df098aa1d777cdefaf5d93c3c5e7c39c9e65dca8ec6d1b7065cc7076dd3ba437dc9c2ed030b0a3c21ff908d1e711efe6c91bdda05f3b23e,32,0,41.884987192,-87.620992913,.000000000,.000000000,,.00,.00,,,.000000000,347,72,18667,1629,2002,14481,-1071607778,0
2020-02-26 22:15:00,1753-01-01 00:00:00,,0,1,0,0.00,.00,.00,0.00,0.00,Unknown,Blue Ribbon Taxi Association Inc.,42.009622881,-87.670166857,0,0,1ec7f3414307d2d25d1a35fa094f8591797f6bc2f0b1c9f1545bd8bf0e16e0964d65cc941d074552d77735a55d31e138bc56d6405b35783fabdaa78511de423f,1,0,42.009622881,-87.670166857,.000000000,.000000000,,.00,.00,,,.000000000,323,72,16956,1629,1727,14499,-1071607778,0
2020-02-27 10:15:00,1753-01-01 00:00:00,,0,32,0,0.00,.00,.00,0.00,0.00,Unknown,Taxi Affiliation Services,41.880994471,-87.632746489,0,0,0f90a9b7e6b934c076767338a37ff205a0cca7d51e0eae69eb5600a4cc3fa5a9d9660c42be41c30c048d822b82958835f2440870587ddfbc8ffd10ed6295726c,32,0,41.880994471,-87.632746489,.000000000,.000000000,,.00,.00,,,.000000000,345,72,16670,1629,2001,14547,-1071607778,0
2020-02-27 17:45:00,1753-01-01 00:00:00,,0,77,0,0.00,.00,.00,0.00,0.00,Unknown,Taxi Affiliation Services,41.9867118,-87.663416405,0,0,d9c1a29d847d2bc82ce5b2b45dcf03d2b0d72570afb8bd28a86aedcf38df2f6a3e0a72a334012817046c6daa139c74d71d6e6a3e5ab208eacb4c3f32ed475549,77,0,41.986711800,-87.663416405,.000000000,.000000000,,.00,.00,,,.000000000,345,72,20086,1629,2174,14577,-1071607778,0
2020-02-28 13:45:00,1753-01-01 00:00:00,,0,8,0,0.00,.00,.00,0.00,0.00,Unknown,Taxi Affiliation Services,41.899155613,-87.626210532,0,0,0b269137bd94b55212311226d9e1554423e12bcc16a432c8d6a1e364a116578dcad953c0e3dc15b14ecc71271f037fd5790c9a0780ad64e38ea568c8c35b0ea9,8,0,41.899155613,-87.626210532,.000000000,.000000000,,.00,.00,,,.000000000,345,72,16607,1629,1846,14657,-1071607778,0
2020-02-28 15:45:00,1753-01-01 00:00:00,,0,8,0,0.00,.00,.00,0.00,0.00,Unknown,Taxi Affiliation Services,41.890922026,-87.618868355,0,0,8b03a5197351881144a2dc75051fa42c5be44a4c2c4be1ef9459892a0b3c4daa1c76580a5f5fb83476cae172ff694ecdc768760826766cf5ad54c7ea91df9e57,8,0,41.890922026,-87.618868355,.000000000,.000000000,,.00,.00,,,.000000000,345,72,18732,1629,1840,14665,-1071607778,0
2020-02-28 16:45:00,1753-01-01 00:00:00,,0,76,0,0.00,.00,.00,0.00,0.00,Unknown,Top Cab Affiliation,41.97907082,-87.903039661,0,0,a1322b6e2287841b33658ac21ce329b9020e69cbe75bf093d61883ec280797056d058f17e66ce9f5889c00240757e75820de340e7356ce0ca534d185800f6038,76,0,41.979070820,-87.903039661,.000000000,.000000000,,.00,.00,,,.000000000,347,72,19097,1629,2154,14669,-1071607778,0
2020-02-28 23:15:00,1753-01-01 00:00:00,,0,16,0,0.00,.00,.00,0.00,0.00,Unknown,Taxi Affiliation Services,41.953582125,-87.72345239,0,0,6f3790e2b495506d01e445a16e1969f800928ea545ceeb4cc04238f32062045bfc59048e7a5d12e7c3cea1d473f64c988523f423a018c173fbed7b49bb8b1f43,16,0,41.953582125,-87.723452390,.000000000,.000000000,,.00,.00,,,.000000000,345,72,18282,1629,1899,14695,-1071607778,0
2020-02-29 05:15:00,1753-01-01 00:00:00,,0,16,0,0.00,.00,.00,0.00,0.00,Unknown,Taxi Affiliation Services,41.953582125,-87.72345239,0,0,39f11f85b02552bb3a2181ea5a3465534d0993a5b7c2b3bcfa3b43cbd0e7723f967f44fbd6cda6080d0a0bf6eba0ca455f5a17e0be1bf1794b9ac48dcd5c6e77,16,0,41.953582125,-87.723452390,.000000000,.000000000,,.00,.00,,,.000000000,345,72,17417,1629,1899,14719,-1071607778,0
2020-02-29 13:45:00,1753-01-01 00:00:00,,0,21,0,0.00,.00,.00,0.00,0.00,Unknown,Top Cab Affiliation,41.938666196,-87.711210593,0,0,a1322b6e2287841b33658ac21ce329b9020e69cbe75bf093d61883ec280797056d058f17e66ce9f5889c00240757e75820de340e7356ce0ca534d185800f6038,21,0,41.938666196,-87.711210593,.000000000,.000000000,,.00,.00,,,.000000000,347,72,19097,1629,1920,14753,-1071607778,0
2020-03-01 05:00:00,1753-01-01 00:00:00,,0,28,0,0.00,.00,.00,0.00,0.00,Unknown,Taxi Affiliation Services,41.874005383,-87.66351755,0,0,39f11f85b02552bb3a2181ea5a3465534d0993a5b7c2b3bcfa3b43cbd0e7723f967f44fbd6cda6080d0a0bf6eba0ca455f5a17e0be1bf1794b9ac48dcd5c6e77,28,0,41.874005383,-87.663517550,.000000000,.000000000,,.00,.00,,,.000000000,345,72,17417,1629,1984,14814,-1071607778,0
2020-03-01 13:15:00,1753-01-01 00:00:00,,0,43,0,0.00,.00,.00,0.00,0.00,Unknown,Taxi Affiliation Services,41.761577908,-87.572781987,0,0,dfdba8b9981af361d3821c35447460912a637ecbc947de331884c579ad7d44202b6ee6a5f4240d9bd77a5484a36f57e39d3a7e418cc0c95842294b06f08f77cf,43,0,41.761577908,-87.572781987,.000000000,.000000000,,.00,.00,,,.000000000,345,72,20192,1629,2057,14847,-1071607778,0
2020-03-02 10:45:00,1753-01-01 00:00:00,,0,76,0,0.00,.00,.00,0.00,0.00,Unknown,Taxi Affiliation Services,41.97907082,-87.903039661,0,0,339c4c0e5d5ad12014ae25364c7082b3e8884bdb5e5fcefb4085170c968eaf736439ac250acd6e34a00b3d958e55766d93bf7ad86e0cb579d4fd87507936a6dd,76,0,41.979070820,-87.903039661,.000000000,.000000000,,.00,.00,,,.000000000,345,72,17302,1629,2154,14933,-1071607778,0
2020-03-02 15:00:00,1753-01-01 00:00:00,,0,8,0,0.00,.00,.00,0.00,0.00,Unknown,Top Cab Affiliation,41.892072635,-87.628874157,0,0,4d9cdfc71c7e6aa92963e1b219abb843a3b0b43548412c63b0ec87bd00094dd6a1ff177788435ede86bc583d91915bf7dc3cabd1af1a946ab71447ee02493354,8,0,41.892072635,-87.628874157,.000000000,.000000000,,.00,.00,,,.000000000,347,72,17746,1629,1850,14950,-1071607778,0
2020-03-02 17:15:00,1753-01-01 00:00:00,,0,8,0,0.00,.00,.00,0.00,0.00,Unknown,Top Cab Affiliation,41.892042136,-87.63186395,0,0,4d9cdfc71c7e6aa92963e1b219abb843a3b0b43548412c63b0ec87bd00094dd6a1ff177788435ede86bc583d91915bf7dc3cabd1af1a946ab71447ee02493354,8,0,41.892042136,-87.631863950,.000000000,.000000000,,.00,.00,,,.000000000,347,72,17746,1629,1856,14959,-1071607778,0
2020-03-03 11:30:00,1753-01-01 00:00:00,,0,8,0,0.00,.00,.00,0.00,0.00,Unknown,Top Cab Affiliation,41.890922026,-87.618868355,0,0,7e8a64e5d20bff161671d9f9f6f1b4a195e3914672170abc255c54267d1056b196bc93ffd51a763d5772ebe4a000a0f56d1e76e9d60f7db72836f8894f763168,8,0,41.890922026,-87.618868355,.000000000,.000000000,,.00,.00,,,.000000000,347,72,18516,1629,1840,15032,-1071607778,0
2020-03-03 17:00:00,1753-01-01 00:00:00,,0,8,0,0.00,.00,.00,0.00,0.00,Unknown,Top Cab Affiliation,41.890922026,-87.618868355,0,0,99b1203df31b26f1c372e57926d731514ae839dbb485f31550d6d8132420f3bc51bd4d0d0f67871bb66a02360097dd0040b364ce63b812af76d0207b796840ef,8,0,41.890922026,-87.618868355,.000000000,.000000000,,.00,.00,,,.000000000,347,72,18981,1629,1840,15054,-1071607778,0
2020-03-03 18:30:00,1753-01-01 00:00:00,,0,76,0,0.00,.00,.00,0.00,0.00,Unknown,Star North Management LLC,41.97907082,-87.903039661,0,0,f9911f0e044aa37e9962788abe38dabfdff01515dc511aa01970334d6ccd4fb952449b8eac64d10801b8ef22fbd2925a78c7d4a4e229a74882d41def34ce3f04,76,0,41.979070820,-87.903039661,.000000000,.000000000,,.00,.00,,,.000000000,341,72,20673,1629,2154,15060,-1071607778,0
2020-03-03 20:45:00,1753-01-01 00:00:00,,0,56,0,0.00,.00,.00,0.00,0.00,Unknown,Blue Ribbon Taxi Association Inc.,41.785998518,-87.750934289,0,0,2562c5abd0c79356d2b6ed696ff9c61f3c6a7452176e067079eeb9ab4869816e5cc637b2464ae3846a2522762c036f3adf77216a829bbed5fbc5bd7da2dda337,56,0,41.785998518,-87.750934289,.000000000,.000000000,,.00,.00,,,.000000000,323,72,17056,1629,2102,15069,-1071607778,0
2020-03-04 12:00:00,1753-01-01 00:00:00,,0,32,0,0.00,.00,.00,0.00,0.00,Unknown,Top Cab Affiliation,41.884987192,-87.620992913,0,0,7e8a64e5d20bff161671d9f9f6f1b4a195e3914672170abc255c54267d1056b196bc93ffd51a763d5772ebe4a000a0f56d1e76e9d60f7db72836f8894f763168,32,0,41.884987192,-87.620992913,.000000000,.000000000,,.00,.00,,,.000000000,347,72,18516,1629,2002,15130,-1071607778,0
2020-03-05 11:30:00,1753-01-01 00:00:00,,0,28,0,0.00,.00,.00,0.00,0.00,Unknown,Taxicab Insurance Agency, LLC,41.874005383,-87.66351755,0,0,dcb626350e877b5e5e00338e1544f246368f8d170c7781653793f4537956fee35829b000d8efbb5390028b31fc43074cb5deeec3ad8485ef97ebf600b53cfac3,28,0,41.874005383,-87.663517550,.000000000,.000000000,,.00,.00,,,.000000000,346,72,20141,1629,1984,15224,-1071607778,0
2020-03-05 16:00:00,1753-01-01 00:00:00,,0,21,0,0.00,.00,.00,0.00,0.00,Unknown,Taxi Affiliation Services,41.942859303,-87.717503858,0,0,a3d7cd41cc205cdd5887444d8d226f33bad7fd54857faa648d176ada0d805610edf1377ed0102d1f1c039b1edbb14aaa5530ff2613a097d7b163c43b0b0ef423,21,0,41.942859303,-87.717503858,.000000000,.000000000,,.00,.00,,,.000000000,345,72,19148,1629,1922,15242,-1071607778,0
2020-03-05 16:15:00,1753-01-01 00:00:00,,0,28,0,0.00,.00,.00,0.00,0.00,Unknown,Blue Ribbon Taxi Association Inc.,41.870415,-87.675085621,0,0,2562c5abd0c79356d2b6ed696ff9c61f3c6a7452176e067079eeb9ab4869816e5cc637b2464ae3846a2522762c036f3adf77216a829bbed5fbc5bd7da2dda337,28,0,41.870415000,-87.675085621,.000000000,.000000000,,.00,.00,,,.000000000,323,72,17056,1629,1988,15243,-1071607778,0
2020-03-06 00:00:00,1753-01-01 00:00:00,,0,28,0,0.00,.00,.00,0.00,0.00,Unknown,Taxi Affiliation Services,41.874005383,-87.66351755,0,0,39f11f85b02552bb3a2181ea5a3465534d0993a5b7c2b3bcfa3b43cbd0e7723f967f44fbd6cda6080d0a0bf6eba0ca455f5a17e0be1bf1794b9ac48dcd5c6e77,28,0,41.874005383,-87.663517550,.000000000,.000000000,,.00,.00,,,.000000000,345,72,17417,1629,1984,15274,-1071607778,0
2020-03-06 09:00:00,1753-01-01 00:00:00,,0,28,0,0.00,.00,.00,0.00,0.00,Unknown,Top Cab Affiliation,41.879255084,-87.642648998,0,0,99b1203df31b26f1c372e57926d731514ae839dbb485f31550d6d8132420f3bc51bd4d0d0f67871bb66a02360097dd0040b364ce63b812af76d0207b796840ef,28,0,41.879255084,-87.642648998,.000000000,.000000000,,.00,.00,,,.000000000,347,72,18981,1629,1979,15310,-1071607778,0
2020-03-06 10:00:00,1753-01-01 00:00:00,,0,28,0,0.00,.00,.00,0.00,0.00,Unknown,Choice Taxi Association,41.879255084,-87.642648998,0,0,4e512eba3e2bb898b4556fa255abe84f58dee48b6972b4a17d90eb733aba16a4314e37c98973021f9256d90cb84d4705ce5c06e3cd1ea7ba9343d30217cf0713,28,0,41.879255084,-87.642648998,.000000000,.000000000,,.00,.00,,,.000000000,329,72,17759,1629,1979,15314,-1071607778,0
2020-03-06 18:45:00,1753-01-01 00:00:00,,0,33,0,0.00,.00,.00,0.00,0.00,Unknown,Top Cab Affiliation,41.857183858,-87.620334624,0,0,a1322b6e2287841b33658ac21ce329b9020e69cbe75bf093d61883ec280797056d058f17e66ce9f5889c00240757e75820de340e7356ce0ca534d185800f6038,33,0,41.857183858,-87.620334624,.000000000,.000000000,,.00,.00,,,.000000000,347,72,19097,1629,2008,15349,-1071607778,0
2020-03-06 20:45:00,1753-01-01 00:00:00,,0,28,0,0.00,.00,.00,0.00,0.00,Unknown,Blue Ribbon Taxi Association Inc.,41.885300022,-87.642808466,0,0,fe3cfaf754adf66c7f45328e9ce06371852b3d9a3f5795f7cbb23c12ed3616f7915f4d777a719d41dd11fb27c205f5f5c5fa919e3e4a86fdcb245e8a8ebf692c,28,0,41.885300022,-87.642808466,.000000000,.000000000,,.00,.00,,,.000000000,323,72,20759,1629,1989,15357,-1071607778,0
2020-03-07 04:00:00,1753-01-01 00:00:00,,0,8,0,0.00,.00,.00,0.00,0.00,Unknown,Taxi Affiliation Services,41.89321636,-87.63784421,0,0,39f11f85b02552bb3a2181ea5a3465534d0993a5b7c2b3bcfa3b43cbd0e7723f967f44fbd6cda6080d0a0bf6eba0ca455f5a17e0be1bf1794b9ac48dcd5c6e77,8,0,41.893216360,-87.637844210,.000000000,.000000000,,.00,.00,,,.000000000,345,72,17417,1629,1838,15386,-1071607778,0
2020-03-07 13:30:00,1753-01-01 00:00:00,,0,28,0,0.00,.00,.00,0.00,0.00,Unknown,Choice Taxi Association,41.879255084,-87.642648998,0,0,588626c81a5db9947eca3489b6080dd0b2894283f614b8447e04617b4574488d5cb29ed32e57b70c913594426bf286b00856d84d242796c93d8e5f2c8cd71f9d,28,0,41.879255084,-87.642648998,.000000000,.000000000,,.00,.00,,,.000000000,329,72,17924,1629,1979,15424,-1071607778,0
2020-03-07 18:45:00,1753-01-01 00:00:00,,0,8,0,0.00,.00,.00,0.00,0.00,Unknown,Blue Ribbon Taxi Association Inc.,41.899155613,-87.626210532,0,0,5c39175c6f2ea20ac65de7616667614f2edcf4a46106ac591d3359259c0db741452ad3d37ca1e9e61612a73b9db951bb87b8393bee7d1f5a58905100e49efa3a,8,0,41.899155613,-87.626210532,.000000000,.000000000,,.00,.00,,,.000000000,323,72,17977,1629,1846,15445,-1071607778,0
2020-03-08 05:45:00,1753-01-01 00:00:00,,0,2,0,0.00,.00,.00,0.00,0.00,Unknown,Taxi Affiliation Services,42.001571027,-87.695012589,0,0,46aa5f56690093619bf1d247a8160b0a86071e585e6d60be71aa91bd77feb1fa189dda4b4a3230a9757ff5242f6b8f55e3ab2c89f2363c187ac9d57c2ffadf5f,2,0,42.001571027,-87.695012589,.000000000,.000000000,,.00,.00,,,.000000000,345,72,17628,1629,1744,15485,-1071607778,0
2020-03-08 05:45:00,1753-01-01 00:00:00,,0,6,0,0.00,.00,.00,0.00,0.00,Unknown,Taxi Affiliation Services,41.944226601,-87.655998182,0,0,39f11f85b02552bb3a2181ea5a3465534d0993a5b7c2b3bcfa3b43cbd0e7723f967f44fbd6cda6080d0a0bf6eba0ca455f5a17e0be1bf1794b9ac48dcd5c6e77,6,0,41.944226601,-87.655998182,.000000000,.000000000,,.00,.00,,,.000000000,345,72,17417,1629,1814,15485,-1071607778,0
2020-03-08 22:30:00,1753-01-01 00:00:00,,0,16,0,0.00,.00,.00,0.00,0.00,Unknown,Taxi Affiliation Services,41.953582125,-87.72345239,0,0,39f11f85b02552bb3a2181ea5a3465534d0993a5b7c2b3bcfa3b43cbd0e7723f967f44fbd6cda6080d0a0bf6eba0ca455f5a17e0be1bf1794b9ac48dcd5c6e77,16,0,41.953582125,-87.723452390,.000000000,.000000000,,.00,.00,,,.000000000,345,72,17417,1629,1899,15552,-1071607778,0
2020-03-09 01:15:00,1753-01-01 00:00:00,,0,16,0,0.00,.00,.00,0.00,0.00,Unknown,Taxi Affiliation Services,41.953582125,-87.72345239,0,0,39f11f85b02552bb3a2181ea5a3465534d0993a5b7c2b3bcfa3b43cbd0e7723f967f44fbd6cda6080d0a0bf6eba0ca455f5a17e0be1bf1794b9ac48dcd5c6e77,16,0,41.953582125,-87.723452390,.000000000,.000000000,,.00,.00,,,.000000000,345,72,17417,1629,1899,15563,-1071607778,0
2020-03-09 09:00:00,1753-01-01 00:00:00,,0,7,0,0.00,.00,.00,0.00,0.00,Unknown,Top Cab Affiliation,41.921778356,-87.641459759,0,0,30edf2adde06c5b5d365eced7cf4b5020255da2bc604f133d3d1fd02d720d8a410ecd999b4346b6e4984cd472d0c17a460628833b9d80a6c51b6671f56100512,7,0,41.921778356,-87.641459759,.000000000,.000000000,,.00,.00,,,.000000000,347,72,17251,1629,1821,15594,-1071607778,0
2020-03-09 16:45:00,1753-01-01 00:00:00,,0,32,0,0.00,.00,.00,0.00,0.00,Unknown,Top Cab Affiliation,41.880994471,-87.632746489,0,0,99b1203df31b26f1c372e57926d731514ae839dbb485f31550d6d8132420f3bc51bd4d0d0f67871bb66a02360097dd0040b364ce63b812af76d0207b796840ef,32,0,41.880994471,-87.632746489,.000000000,.000000000,,.00,.00,,,.000000000,347,72,18981,1629,2001,15625,-1071607778,0
2020-03-10 08:15:00,1753-01-01 00:00:00,,0,21,0,0.00,.00,.00,0.00,0.00,Unknown,Chicago Independents,41.938666196,-87.711210593,0,0,8c508a77909d4e965c01698b799c7b25ab31d609051979246bd4b957ede678c8a5aa5c6c82ba4a072c0367cf00bd53633a90ea4abfde86bfc1d2129b812a53c7,21,0,41.938666196,-87.711210593,.000000000,.000000000,,.00,.00,,,.000000000,326,72,18754,1629,1920,15687,-1071607778,0
2020-03-10 12:45:00,1753-01-01 00:00:00,,0,28,0,0.00,.00,.00,0.00,0.00,Unknown,Top Cab Affiliation,41.885300022,-87.642808466,0,0,99b1203df31b26f1c372e57926d731514ae839dbb485f31550d6d8132420f3bc51bd4d0d0f67871bb66a02360097dd0040b364ce63b812af76d0207b796840ef,28,0,41.885300022,-87.642808466,.000000000,.000000000,,.00,.00,,,.000000000,347,72,18981,1629,1989,15705,-1071607778,0
2020-03-11 07:30:00,1753-01-01 00:00:00,,0,53,0,0.00,.00,.00,0.00,0.00,Unknown,Blue Ribbon Taxi Association Inc.,41.673819904,-87.635739777,0,0,e6f3cad6dc920f7782dccd76a1e0f147fc8361af905b4b9a27996f70490448291ce84d0d02b6406f2d3dfe7a0ef84bde8e323962be6b7c105ad4d65d4715ac3e,53,0,41.673819904,-87.635739777,.000000000,.000000000,,.00,.00,,,.000000000,323,72,20321,1629,2091,15780,-1071607778,0
2020-03-11 12:30:00,1753-01-01 00:00:00,,0,7,0,0.00,.00,.00,0.00,0.00,Unknown,312 Medallion Management Corp,41.914616286,-87.631717366,0,0,37da7d7608ce5cabc79e71369ed7f4a34f350b462ba406969c13c88fecc665dd61cf66deacad90f9f300db97c976fb78e29ac7017c1b57ff2e47838d097e8013,7,0,41.914616286,-87.631717366,.000000000,.000000000,,.00,.00,,,.000000000,305,72,17377,1629,1822,15800,-1071607778,0
2020-03-11 18:00:00,1753-01-01 00:00:00,,0,33,0,0.00,.00,.00,0.00,0.00,Unknown,Taxi Affiliation Services,41.849246754,-87.624135298,0,0,cf2cc6018031d202d6a27013347b1e10e522aa66247302523c1d4ab3b6e4c88c0bd995cb543c6423ac1528337d3682384e64087d5d241310afc2314894cccf60,33,0,41.849246754,-87.624135298,.000000000,.000000000,,.00,.00,,,.000000000,345,72,19906,1629,2006,15822,-1071607778,0
2020-03-11 22:45:00,1753-01-01 00:00:00,,0,21,0,0.00,.00,.00,0.00,0.00,Unknown,Taxi Affiliation Services,41.938666196,-87.711210593,0,0,39f11f85b02552bb3a2181ea5a3465534d0993a5b7c2b3bcfa3b43cbd0e7723f967f44fbd6cda6080d0a0bf6eba0ca455f5a17e0be1bf1794b9ac48dcd5c6e77,21,0,41.938666196,-87.711210593,.000000000,.000000000,,.00,.00,,,.000000000,345,72,17417,1629,1920,15841,-1071607778,0
2020-03-12 14:30:00,1753-01-01 00:00:00,,0,59,0,0.00,.00,.00,0.00,0.00,Unknown,Blue Ribbon Taxi Association Inc.,41.833517886,-87.681355829,0,0,bd30d866401ef22dcebc3ae81dc4d45f3d8de4dc4426fd6ffa9d9461cb17661bd222e3ef9f5d975cb6b5ca91008a68a878a6af82e4ac24b908052891fcd00d0c,59,0,41.833517886,-87.681355829,.000000000,.000000000,,.00,.00,,,.000000000,323,72,19593,1629,2107,15904,-1071607778,0
2020-03-12 21:15:00,1753-01-01 00:00:00,,0,5,0,0.00,.00,.00,0.00,0.00,Unknown,Taxi Affiliation Services,41.947791586,-87.683834942,0,0,126cbac0487058d6a98a9ecde66eb5de9d3041171cc58788d4b6123e55f7bebded4d8883c0c1814eef9952a13e871601b6dbeb11e05c3683d76c9d1390e0a538,5,0,41.947791586,-87.683834942,.000000000,.000000000,,.00,.00,,,.000000000,345,72,16717,1629,1782,15931,-1071607778,0
2020-03-13 16:15:00,1753-01-01 00:00:00,,0,33,0,0.00,.00,.00,0.00,0.00,Unknown,Blue Ribbon Taxi Association Inc.,41.859349715,-87.617358006,0,0,bd30d866401ef22dcebc3ae81dc4d45f3d8de4dc4426fd6ffa9d9461cb17661bd222e3ef9f5d975cb6b5ca91008a68a878a6af82e4ac24b908052891fcd00d0c,33,0,41.859349715,-87.617358006,.000000000,.000000000,,.00,.00,,,.000000000,323,72,19593,1629,2007,16007,-1071607778,0
2020-03-13 20:30:00,1753-01-01 00:00:00,,0,8,0,0.00,.00,.00,0.00,0.00,Unknown,Taxi Affiliation Services,41.898331794,-87.620762865,0,0,7d8179131ea9952793af4cda8635e94b56c2b92d3c376cd92517f7319ec4a3031207af4d7b8165367e1f8a185275814ab89c26ace551ac3bf96a04ea174371c1,8,0,41.898331794,-87.620762865,.000000000,.000000000,,.00,.00,,,.000000000,345,72,18496,1629,1849,16024,-1071607778,0
2020-03-13 21:45:00,1753-01-01 00:00:00,,0,76,0,0.00,.00,.00,0.00,0.00,Unknown,Taxi Affiliation Services,41.97907082,-87.903039661,0,0,71f72bfa5361a2485e783a188a2e7479a00ed68a09842cca8d95cf98c38d6be14d6ea846de1fd8c50dc222b344606f0d2df8a0f5ac3126732a1e06eee326e1a6,76,0,41.979070820,-87.903039661,.000000000,.000000000,,.00,.00,,,.000000000,345,72,18329,1629,2154,16029,-1071607778,0
2020-03-14 06:15:00,1753-01-01 00:00:00,,0,76,0,0.00,.00,.00,0.00,0.00,Unknown,Taxi Affiliation Services,41.97907082,-87.903039661,0,0,3d9dd89a8834ee77185d4498336e2ec0bdc68a4db05cb0f0bb8bfeec249fee601267a0eceecce001811e964c04aa16bf81669e0d6191c5cebca2d3edd79f9943,76,0,41.979070820,-87.903039661,.000000000,.000000000,,.00,.00,,,.000000000,345,72,17476,1629,2154,16063,-1071607778,0
2020-03-16 10:00:00,1753-01-01 00:00:00,,0,59,0,0.00,.00,.00,0.00,0.00,Unknown,Taxi Affiliation Services,41.829922304,-87.672502646,0,0,0097753fe60f11c95766e0c88d0b7fc93806043ea4713c6df7e093c643fc5f2d480e06d0e97f3e0b7c96bc399176f93b7ce98629b2433fd9f32f9c6483ae9855,59,0,41.829922304,-87.672502646,.000000000,.000000000,,.00,.00,,,.000000000,345,72,16433,1629,2106,16270,-1071607778,0
2020-03-16 11:00:00,1753-01-01 00:00:00,,0,13,0,0.00,.00,.00,0.00,0.00,Unknown,Blue Ribbon Taxi Association Inc.,41.983636307,-87.723583185,0,0,0eddf19514981d205b66f45941e72b6f52e69210947b93503adac3878671db6048de0341d27b8b9f50610f2be6277d4fdf44df50aaa28b0579b97d3866a6a9f1,13,0,41.983636307,-87.723583185,.000000000,.000000000,,.00,.00,,,.000000000,323,72,16660,1629,1879,16274,-1071607778,0
2020-03-16 23:45:00,1753-01-01 00:00:00,,0,24,0,0.00,.00,.00,0.00,0.00,Unknown,Taxi Affiliation Services,41.901206994,-87.676355989,0,0,39f11f85b02552bb3a2181ea5a3465534d0993a5b7c2b3bcfa3b43cbd0e7723f967f44fbd6cda6080d0a0bf6eba0ca455f5a17e0be1bf1794b9ac48dcd5c6e77,24,0,41.901206994,-87.676355989,.000000000,.000000000,,.00,.00,,,.000000000,345,72,17417,1629,1952,16325,-1071607778,0
2020-03-17 09:15:00,1753-01-01 00:00:00,,0,28,0,0.00,.00,.00,0.00,0.00,Unknown,Blue Ribbon Taxi Association Inc.,41.874005383,-87.66351755,0,0,5c39175c6f2ea20ac65de7616667614f2edcf4a46106ac591d3359259c0db741452ad3d37ca1e9e61612a73b9db951bb87b8393bee7d1f5a58905100e49efa3a,28,0,41.874005383,-87.663517550,.000000000,.000000000,,.00,.00,,,.000000000,323,72,17977,1629,1984,16363,-1071607778,0
2020-03-17 10:15:00,1753-01-01 00:00:00,,0,59,0,0.00,.00,.00,0.00,0.00,Unknown,Taxi Affiliation Services,41.829922304,-87.672502646,0,0,687e3ef9daf087b79188bf0fea27f22cd5786b0cda0c802ad500c781b83e1405930cf3d36f4e92bc1176031645262ccc92cde501857ba0e271f4680807bec0dc,59,0,41.829922304,-87.672502646,.000000000,.000000000,,.00,.00,,,.000000000,345,72,18163,1629,2106,16367,-1071607778,0
2020-03-17 21:30:00,1753-01-01 00:00:00,,0,32,0,0.00,.00,.00,0.00,0.00,Unknown,Taxi Affiliation Services,41.878865584,-87.625192142,0,0,5463947e6f3fb5f04d7bf087b37e1925a07f598a2896d99f9450a2b87698caf0e8dedc6b8306bc84bf5d7f7b4868ea7710ebf1fc45b71621c4303793dc3e0af5,32,0,41.878865584,-87.625192142,.000000000,.000000000,,.00,.00,,,.000000000,345,72,17864,1629,2004,16412,-1071607778,0
2020-03-18 21:15:00,1753-01-01 00:00:00,,0,24,0,0.00,.00,.00,0.00,0.00,Unknown,312 Medallion Management Corp,41.901206994,-87.676355989,0,0,eedbec899861e013b55fab98358795eda2acf42e9018d45022cf0136f8b81f6fd8a2c334fc1de11a9ad50066fcf0b8ef6a58ae9e3511516b74b9db7e696f1421,24,0,41.901206994,-87.676355989,.000000000,.000000000,,.00,.00,,,.000000000,305,72,20466,1629,1952,16507,-1071607778,0
2020-03-19 12:30:00,1753-01-01 00:00:00,,0,8,0,0.00,.00,.00,0.00,0.00,Unknown,Taxi Affiliation Services,41.899602111,-87.633308037,0,0,82adb9b7ba3cea481e095e47539913e2ef8d9abd71eb6ee91a13d6432fd4778e1943bdebfbf6144a97f9272cc25268acfadba6b3a325aeded731b80be48bcfd8,8,0,41.899602111,-87.633308037,.000000000,.000000000,,.00,.00,,,.000000000,345,72,18585,1629,1844,16568,-1071607778,0
2020-03-20 09:45:00,1753-01-01 00:00:00,,0,32,0,0.00,.00,.00,0.00,0.00,Unknown,Taxi Affiliation Services,41.884987192,-87.620992913,0,0,5732bb53e9becb096e11b52228bb5079a585622bd15b745b5951f8ae0fa018ac511f3faf0863a9e890c5b8be5a601b6ee2e6301404137fa406855840ef83d45c,32,0,41.884987192,-87.620992913,.000000000,.000000000,,.00,.00,,,.000000000,345,72,17904,1629,2002,16653,-1071607778,0
2020-03-22 18:00:00,1753-01-01 00:00:00,,0,76,0,0.00,.00,.00,0.00,0.00,Unknown,Taxi Affiliation Services,41.97907082,-87.903039661,0,0,b9ff0218cc4a2561c997225b362b10b2236444fd535862d84776b81e31acfbad7742037ce1770e0d9364e49bdfb6ed986efac17f318c33ddd9b0cee8f74cdd0b,76,0,41.979070820,-87.903039661,.000000000,.000000000,,.00,.00,,,.000000000,345,72,19521,1629,2154,16878,-1071607778,0
2020-03-22 20:15:00,1753-01-01 00:00:00,,0,58,0,0.00,.00,.00,0.00,0.00,Unknown,Taxi Affiliation Services,41.817366208,-87.698860797,0,0,3e45924552e73b7de6ae90a4af6f7d0e58dcb12e12c4499fdfaa1f5d8d3adfeb41dbfab3e3c06b173c155f536f7a2d15d65c5e38872ae3a6bb5ad65a03fa2be4,58,0,41.817366208,-87.698860797,.000000000,.000000000,,.00,.00,,,.000000000,345,72,17481,1629,2105,16887,-1071607778,0
2020-03-25 14:00:00,1753-01-01 00:00:00,,0,32,0,0.00,.00,.00,0.00,0.00,Unknown,Top Cab Affiliation,41.878865584,-87.625192142,0,0,7e8a64e5d20bff161671d9f9f6f1b4a195e3914672170abc255c54267d1056b196bc93ffd51a763d5772ebe4a000a0f56d1e76e9d60f7db72836f8894f763168,32,0,41.878865584,-87.625192142,.000000000,.000000000,,.00,.00,,,.000000000,347,72,18516,1629,2004,17149,-1071607778,0
2020-03-30 10:00:00,1753-01-01 00:00:00,,0,8,0,0.00,.00,.00,0.00,0.00,Unknown,Top Cab Affiliation,41.899602111,-87.633308037,0,0,7e8a64e5d20bff161671d9f9f6f1b4a195e3914672170abc255c54267d1056b196bc93ffd51a763d5772ebe4a000a0f56d1e76e9d60f7db72836f8894f763168,8,0,41.899602111,-87.633308037,.000000000,.000000000,,.00,.00,,,.000000000,347,72,18516,1629,1844,17613,-1071607778,0
2020-03-30 15:45:00,1753-01-01 00:00:00,,0,16,0,0.00,.00,.00,0.00,0.00,Unknown,Taxi Affiliation Services,41.953582125,-87.72345239,0,0,39f11f85b02552bb3a2181ea5a3465534d0993a5b7c2b3bcfa3b43cbd0e7723f967f44fbd6cda6080d0a0bf6eba0ca455f5a17e0be1bf1794b9ac48dcd5c6e77,16,0,41.953582125,-87.723452390,.000000000,.000000000,,.00,.00,,,.000000000,345,72,17417,1629,1899,17636,-1071607778,0
